22	34	91	14.5	144	0
22	51	91	12.6992	149	0
25	37	93	15.2988	167	0
25	38	82	15.7988	161	0
20	30	80	12.8984	129	0
22	48	76	16.5977	133	0
26	51	82	12.8984	149	0
27	25	91	10.2988	135	0
25	37	98	11.6992	177	0
24	24	82	14.1992	123	0
27	42	77	15.2988	163	0
26	30	76	17.0977	145	0
22	21	74.5	12.1992	163	0
31	34	80.5	11.0996	149	0
36	28	86.5	13.1992	171	0
20	31	61.5	9.8984	172	0
22	20	72	11.8984	110	0
35	51	70	16.5977	146	0
25	37	98	16.3984	198	0
32	20	77	11	200	0
27	15	87	13.5	232	0
32	28	82.5	17.3984	144	0
22	34	84	12	175	0
33	31	75.5	13.6992	160	0
34	24	100.5	14	231	0
24	26	84.5	20.6992	145	0
20	22	102	10.2988	177	0
27	50	69	15.0996	160	0
32	30	90.5	15.2988	136	0
37	97.5	34	12	203	0
31	27	90	15.5996	167	0
26	47	53	14.5996	131	0
30	34	75	15.3984	171	0
33	25	78.8906	12.1992	127	0
30	22	91	17.5	198	0
32	35	97	14.5	137	0
38	26	109	8.8984	163	0
23	40	83	15.1992	205	0
39	28	102.2969	17.0977	146	0
32	56	72	9.8984	227	0
25	95	69.7969	7.2998	169	0
44	28	104	22	142	1
25	37	73.2969	13	254	0
31	45	86.5	10.7988	169	0
26	130	80.2969	17.0977	211	0
26	44	81.2969	15.2988	166	0
23	44	81.2969	10.5	159	0
36	30	66.6875	15.2988	124	0
25	30	77	16.1992	124	0
29	74	80.3906	8.8984	207	0
35	48	98	16.3984	233	1
36	40	72.6875	7	131	0
34	73	105.5	17	285	1
30	69	66.6875	8.6992	119	0
38	286	109.5	31.8984	260	1
34	73	57.3984	7.3994	107	0
26	35	76.6875	10.8984	105	0
33	27	100	10.2988	169	0
39	21	92.3906	10.2988	197	0
31	22	71.5	11.7988	98	0
27	36	56	18.1992	105	0
31	657	104	110	358	1
27	92	68	16.5	115	0
39	18	95	11.2988	66	0
39	23	111.5	10	133	0
27	27	87.1875	12.5	99	0
53	59	93	22.1992	240	1
26	48	85.1875	22.6992	160	0
27	30	80.1875	8.0996	100	0
30	30	82.6875	18.0977	124	0
27	34	86.2969	11.7988	120	0
39	26	92.5938	12.2988	196	0
31	34	92.6875	7.8994	140	0
32	41	78.5	10.8984	191	0
33	67	98	9.2988	225	0
39	25	98.6875	10	174	0
29	53	76	14	174	1
28	59	88	9.8984	128	0
31	35	90.2969	15.2988	124	0
42	78	118	15.5	212	1
35	34	96.5	10.3984	122	1
52	197	91.5	25.1992	236	1
26	326	98	27.0977	358	1
31	85	94	20.0977	198	1
20	65	87	23.7969	198	1
58	19	100.5	10.8984	196	1
35	129	93.0938	18.2969	188	1
42	440	107	20.1992	239	1
61	100	101	11.7988	301	1
30	24	78.7969	9.5996	151	0
27	24	89.5	16.0977	176	0
20	62	81	10.1992	181	0
31	48	79	16.7969	182	0
27	52	77	17.8984	198	0
22	52	83.5	10.8984	176	0
40	125	90.5	19.3984	438	1
25	59	72.5	10.6992	314	0
35	42	100.0938	17.0977	184	1
39	21	93.1875	5.8994	181	0
27	37	77.2969	3.8999	141	0
31	22	73.5	5.0996	184	0
41	104	81	26.7969	245	1
26	68	82.7969	11.8984	177	0
30	33	86	3.7998	149	0
27	22	84	2.7998	145	0
20	40	81	6.0996	167	0
39	39	88.5	7.5996	168	0
32	52	79	10.6992	187	0
28	24	87	3.5	132	0
32	43	87.5	6	136	0
30	167	89	25.5977	364	1
39	154	103.5	21.2969	296	1
35	37	84	12.7988	156	1
43	73	104	20.5977	201	1
38	113	97	18.7969	216	1
35	925	81	62.8984	279	1
39	388	91	41.5938	204	1
37	168	82.5	23.2969	261	1
35	122	88.5	21.5977	263	1
61	80	97.5	15.0996	262	1
30	46	71	16.8984	197	1
58	34	98.5	19.8984	299	1
32	465	86.5	63.6953	412	1
52	242	85.5	16.5977	168	1
29	69	111	16	175	1
41	99	93.1875	18.5977	156	1
29	265	83.5	16.0977	136	1
30	363	91.2969	36	325	1
35	1288	82	51.5938	368	1
27	285	79.5	36.3984	245	1
28	124	92	32.1953	298	1
25	34	92	12.0996	217	0
25	35	71	8.7988	186	0
26	55	85.5	10.8984	216	0
30	25	70.5	5.2998	123	0
35	36	92.7969	22	308	1
54	69	92.5938	20.8984	243	1
25	32	86.5	6.6992	149	0
26	34	81.2969	9.6992	158	0
27	31	86.5	6.8994	162	0
36	23	66.2969	4.3994	142	0
26	32	73.7969	8.5996	147	0
34	87	76.2969	6	87	0
33	57	88	8.8984	190	1
31	40	82.5	6.3994	151	0
33	28	104	6.8994	169	0
27	24	57.5	5.5996	130	0
28	32	76.2969	5.5996	159	0
26	34	78	8	140	0
33	30	85	11.3984	176	0
28	75	81	10.0996	177	0
36	30	79.5	11.8984	130	0
37	38	85	21.5977	198	0
23	65	75	19.8984	187	0
32	485	83.5	73	382	1
35	21	108.5	9.7988	148	0
25	72	80.5	12	225	0
31	38	96	12.5996	158	0
28	72	66.2969	16.3984	156	0
53	101	77.5	11.6992	280	1
24	25	92	14	166	0
36	104	87.5	16.6992	256	1
20	53	93.1875	22.2969	349	0
34	24	70.3906	10.5996	181	0
22	32	79.1875	5.7998	190	0
25	42	65.5	13.2988	216	0
45	35	86.2969	14.3984	184	1
22	35	59.3984	11.2988	130	0
33	43	88.5	20.2969	175	0
35	40	104.5938	16.0977	209	0
32	72	88	8.2988	166	1
34	48	83	13.6992	228	0
59	560	106	21	345	1
36	55	78.1875	21.7969	188	0
48	115	79	14.1992	258	1
22	30	104	22.5977	230	0
39	228	104	10.1992	236	1
21	26	79.2969	16.3984	123	0
26	700	90	49.0938	343	1
33	41	105.5	15.0996	252	0
30	40	85.5	12.6992	201	1
43	80	90.5	12.0996	269	1
22	30	108	8.7988	284	1
30	41	90	9.6992	342	1
59	58	88.1875	11	259	1
42	52	93.2969	11.1992	272	1
22	44	104	17.3984	172	1
53	245	89.5	22.6992	269	1
30	57	105	12.8984	155	1
44	109	81	25.2969	227	1
36	325	76.2969	33.8984	413	1
27	25	91	49.0938	209	1
39	148	105.1875	18.7969	221	1
30	177	103.5	19.7969	241	1
